inf	0	1.00038
66.6667	0	1.00037
33.3333	0	1.00032
22.2222	0	1.00024
16.6667	0	1.00013
13.3333	0	0.999975
11.1111	0	0.999785
9.52381	0	0.999555
8.33333	0	0.999282
7.40741	0	0.998965
6.66667	0	0.998602
6.06061	0	0.99819
5.55556	0	0.997729
5.12821	0	0.997215
4.7619	0	0.996647
4.44444	0	0.996023
4.16667	0	0.995341
3.92157	0	0.994598
3.7037	0	0.993792
3.50877	0	0.99292
3.33333	0	0.99198
3.1746	0	0.990968
3.0303	0	0.98988
2.89855	0	0.988712
2.77778	0	0.98746
2.66667	0	0.986118
2.5641	0	0.984679
2.46914	0	0.983138
2.38095	0	0.981486
2.29885	0	0.979715
2.22222	0	0.977815
2.15054	0	0.975776
2.08333	0	0.973586
2.0202	0	0.971232
1.96078	0	0.968701
1.90476	0	0.965977
1.85185	0	0.963045
1.8018	0	0.959887
1.75439	0	0.956486
1.7094	0	0.952821
1.66667	0	0.948873
1.62602	0	0.944619
1.5873	0	0.940036
1.55039	0	0.935101
1.51515	0	0.929789
1.48148	0	0.924072
1.44928	0	0.917922
1.41844	0	0.911311
1.38889	0	0.904205
1.36054	0	0.896572
1.33333	0	0.888376
1.30719	0	0.879578
1.28205	0	0.870139
1.25786	0	0.860015
1.23457	0	0.849162
1.21212	0	0.83753
1.19048	0	0.825072
1.16959	0	0.811736
1.14943	0	0.797472
1.12994	0	0.782231
1.11111	0	0.765968
1.0929	0	0.748642
1.07527	0	0.730219
1.0582	0	0.710677
1.04167	0	0.690006
1.02564	0	0.668213
1.0101	0	0.64532
0.995025	0	0.621374
0.980392	0	0.596441
0.966184	0	0.570611
0.952381	0	0.543996
0.938967	0	0.516731
0.925926	0	0.48897
0.913242	0	0.460884
0.900901	0	0.432657
0.888889	0	0.40448
0.877193	0	0.376547
0.865801	0	0.349051
0.854701	0	0.322175
0.843882	0	0.296093
0.833333	0	0.270959
0.823045	0	0.246907
0.813008	0	0.22405
0.803213	0	0.202476
0.793651	0	0.182247
0.784314	0	0.163402
0.775194	0	0.145955
0.766284	0	0.129899
0.757576	0	0.11521
0.749064	0	0.101845
0.740741	0	0.0897493
0.732601	0	0.0788569
0.724638	0	0.0690945
0.716846	0	0.0603841
0.70922	0	0.0526446
0.701754	0	0.0457948
0.694444	0	0.0397544
0.687285	0	0.0344456
0.680272	0	0.0297944
0.673401	0	0.025731
0.666667	0	0.0221902
