inf	0	3.6972e-08
66.6667	0	1.50156e-05
33.3333	0	6.12232e-05
22.2222	0	0.000140431
16.6667	0	0.000254467
13.3333	0	0.000405199
11.1111	0	0.000594526
9.52381	0	0.000824364
8.33333	0	0.00109664
7.40741	0	0.00141327
6.66667	0	0.0017762
6.06061	0	0.00218734
5.55556	0	0.00264864
5.12821	0	0.00316204
4.7619	0	0.00372953
4.44444	0	0.00435318
4.16667	0	0.00503512
3.92157	0	0.00577764
3.7037	0	0.00658319
3.50877	0	0.00745444
3.33333	0	0.00839435
3.1746	0	0.00940624
3.0303	0	0.0104938
2.89855	0	0.0116613
2.77778	0	0.0129134
2.66667	0	0.0142555
2.5641	0	0.0156937
2.46914	0	0.0172349
2.38095	0	0.0188867
2.29885	0	0.0206578
2.22222	0	0.0225577
2.15054	0	0.024597
2.08333	0	0.0267872
2.0202	0	0.0291412
1.96078	0	0.0316726
1.90476	0	0.0343965
1.85185	0	0.0373288
1.8018	0	0.0404868
1.75439	0	0.0438887
1.7094	0	0.0475541
1.66667	0	0.0515033
1.62602	0	0.0557581
1.5873	0	0.0603414
1.55039	0	0.0652772
1.51515	0	0.0705908
1.48148	0	0.0763089
1.44928	0	0.0824597
1.41844	0	0.0890728
1.38889	0	0.0961799
1.36054	0	0.103815
1.33333	0	0.112012
1.30719	0	0.120811
1.28205	0	0.130252
1.25786	0	0.140377
1.23457	0	0.151233
1.21212	0	0.162866
1.19048	0	0.175326
1.16959	0	0.188663
1.14943	0	0.202928
1.12994	0	0.218169
1.11111	0	0.234432
1.0929	0	0.251758
1.07527	0	0.27018
1.0582	0	0.28972
1.04167	0	0.310388
1.02564	0	0.332178
1.0101	0	0.355065
0.995025	0	0.379005
0.980392	0	0.40393
0.966184	0	0.429752
0.952381	0	0.456358
0.938967	0	0.483612
0.925926	0	0.511362
0.913242	0	0.539437
0.900901	0	0.567653
0.888889	0	0.595819
0.877193	0	0.623742
0.865801	0	0.651229
0.854701	0	0.678096
0.843882	0	0.704171
0.833333	0	0.7293
0.823045	0	0.753348
0.813008	0	0.776202
0.803213	0	0.797776
0.793651	0	0.818005
0.784314	0	0.836852
0.775194	0	0.854301
0.766284	0	0.870359
0.757576	0	0.885052
0.749064	0	0.89842
0.740741	0	0.91052
0.732601	0	0.921417
0.724638	0	0.931183
0.716846	0	0.939898
0.70922	0	0.947641
0.701754	0	0.954495
0.694444	0	0.96054
0.687285	0	0.965852
0.680272	0	0.970507
0.673401	0	0.974575
0.666667	0	0.978119
