0.9	0	1.00012
0.9	0.001	0.951446
0.9	0.002	0.8337
0.9	0.003	0.765738
0.9	0.004	0.637032
0.9	0.005	0.58133
0.9	0.006	0.490841
0.9	0.007	0.426419
0.9	0.008	0.40267
0.9	0.009	0.369568
0.9	0.01	0.359433
0.9	0.011	0.350668
0.9	0.012	0.356187
0.9	0.013	0.363982
0.9	0.014	0.388674
0.9	0.015	0.404902
0.9	0.016	0.442523
0.9	0.017	0.482384
0.9	0.018	0.501284
0.9	0.019	0.533745
0.9	0.02	0.546368
0.9	0.021	0.563228
0.9	0.022	0.569082
0.9	0.023	0.568382
0.9	0.024	0.561366
0.9	0.025	0.555802
0.9	0.026	0.542446
0.9	0.027	0.528357
0.9	0.028	0.521738
0.9	0.029	0.510341
0.9	0.03	0.505803
0.9	0.031	0.499354
0.9	0.032	0.496221
0.9	0.033	0.495729
0.9	0.034	0.496363
0.9	0.035	0.497215
0.9	0.036	0.499467
0.9	0.037	0.501614
0.9	0.038	0.502481
0.9	0.039	0.503696
0.9	0.04	0.504034
0.9	0.041	0.504381
0.9	0.042	0.504192
0.9	0.043	0.503883
0.9	0.044	0.502768
0.9	0.045	0.501914
0.9	0.046	0.499828
0.9	0.047	0.497219
0.9	0.048	0.495818
0.9	0.049	0.493072
0.9	0.05	0.491772
