0.9	0	1.22843e-10
0.9	0.001	0.0486698
0.9	0.002	0.166416
0.9	0.003	0.234379
0.9	0.004	0.363084
0.9	0.005	0.418787
0.9	0.006	0.509277
0.9	0.007	0.5737
0.9	0.008	0.597448
0.9	0.009	0.630551
0.9	0.01	0.640686
0.9	0.011	0.649451
0.9	0.012	0.643931
0.9	0.013	0.636136
0.9	0.014	0.611444
0.9	0.015	0.595215
0.9	0.016	0.557594
0.9	0.017	0.517733
0.9	0.018	0.498833
0.9	0.019	0.466373
0.9	0.02	0.45375
0.9	0.021	0.436889
0.9	0.022	0.431028
0.9	0.023	0.431716
0.9	0.024	0.438669
0.9	0.025	0.444164
0.9	0.026	0.45725
0.9	0.027	0.470795
0.9	0.028	0.477005
0.9	0.029	0.487252
0.9	0.03	0.491028
0.9	0.031	0.495625
0.9	0.032	0.496469
0.9	0.033	0.495685
0.9	0.034	0.492313
0.9	0.035	0.490011
0.9	0.036	0.484898
0.9	0.037	0.479924
0.9	0.038	0.477696
0.9	0.039	0.473908
0.9	0.04	0.472342
0.9	0.041	0.469804
0.9	0.042	0.468015
0.9	0.043	0.467412
0.9	0.044	0.466837
0.9	0.045	0.466869
0.9	0.046	0.467495
0.9	0.047	0.468612
0.9	0.048	0.469226
0.9	0.049	0.470323
0.9	0.05	0.470731
