0	0.02	1.00038
0.03	0.02	1.00015
0.06	0.02	0.999453
0.09	0.02	0.998333
0.12	0.02	0.996924
0.15	0.02	0.995429
0.18	0.02	0.994094
0.21	0.02	0.993166
0.24	0.02	0.992826
0.27	0.02	0.993114
0.3	0.02	0.993844
0.33	0.02	0.994532
0.36	0.02	0.994338
0.39	0.02	0.992085
0.42	0.02	0.986358
0.45	0.02	0.975728
0.48	0.02	0.95908
0.51	0.02	0.935996
0.54	0.02	0.907101
0.57	0.02	0.874268
0.6	0.02	0.840616
0.63	0.02	0.810277
0.66	0.02	0.787866
0.69	0.02	0.777411
0.72	0.02	0.780393
0.75	0.02	0.792989
0.78	0.02	0.803969
0.81	0.02	0.796029
0.84	0.02	0.752334
0.87	0.02	0.665762
0.9	0.02	0.544456
0.93	0.02	0.408833
0.96	0.02	0.28184
0.99	0.02	0.179396
1.02	0.02	0.10664
1.05	0.02	0.0602047
1.08	0.02	0.0329776
1.11	0.02	0.0179416
1.14	0.02	0.00990379
1.17	0.02	0.00562918
1.2	0.02	0.00331536
1.23	0.02	0.00202217
1.26	0.02	0.00127212
1.29	0.02	0.000821416
1.32	0.02	0.000542083
1.35	0.02	0.000364395
1.38	0.02	0.000248862
1.41	0.02	0.000172328
1.44	0.02	0.000120804
1.47	0.02	8.5621e-05
1.5	0.02	6.12911e-05
