0	0.02	3.6972e-08
0.03	0.02	0.000229781
0.06	0.02	0.000927948
0.09	0.02	0.00204677
0.12	0.02	0.0034553
0.15	0.02	0.00495033
0.18	0.02	0.00628444
0.21	0.02	0.00721187
0.24	0.02	0.0075514
0.27	0.02	0.00726306
0.3	0.02	0.00653161
0.33	0.02	0.00584372
0.36	0.02	0.00603692
0.39	0.02	0.00828916
0.42	0.02	0.0140147
0.45	0.02	0.0246433
0.48	0.02	0.0412904
0.51	0.02	0.0643733
0.54	0.02	0.093267
0.57	0.02	0.126099
0.6	0.02	0.15975
0.63	0.02	0.190088
0.66	0.02	0.212496
0.69	0.02	0.222946
0.72	0.02	0.219952
0.75	0.02	0.207334
0.78	0.02	0.196331
0.81	0.02	0.204263
0.84	0.02	0.247966
0.87	0.02	0.334536
0.9	0.02	0.455821
0.93	0.02	0.591439
0.96	0.02	0.718462
0.99	0.02	0.820942
1.02	0.02	0.893716
1.05	0.02	0.940157
1.08	0.02	0.967386
1.11	0.02	0.982423
1.14	0.02	0.990461
1.17	0.02	0.994735
1.2	0.02	0.997048
1.23	0.02	0.998341
1.26	0.02	0.99909
1.29	0.02	0.999539
1.32	0.02	0.999818
1.35	0.02	0.999994
1.38	0.02	1.00011
1.41	0.02	1.00018
1.44	0.02	1.00023
1.47	0.02	1.00027
1.5	0.02	1.00029
